Jogo 1: 02 05 06 09 10 11 12 14 15 16 17 18 19 20 21 23
Jogo 2: 01 02 03 06 07 09 10 11 12 16 18 19 20 21 22 23
Jogo 3: 01 02 03 07 08 10 12 13 14 17 18 19 21 22 23 24
Jogo 4: 02 05 06 07 08 09 10 13 14 16 17 18 19 21 23 24
Jogo 5: 01 02 04 07 09 10 12 13 16 17 18 19 20 21 24 25
Jogo 6: 02 04 05 07 09 10 11 14 16 17 18 19 20 21 22 25
Jogo 7: 03 04 06 07 08 09 11 12 13 15 17 18 19 20 22 24
Jogo 8: 01 03 04 06 09 10 12 13 16 18 19 21 22 23 24 25
Jogo 9: 01 02 03 05 06 08 09 10 11 12 18 19 20 22 23 25
Jogo 10: 01 02 03 04 07 09 10 11 13 14 15 18 19 20 24 25
